3226490863 128.472742 36.046327
3227310712 128.541554 36.084244
3227564113 128.599114 35.948529
3228159506 128.647389 35.976500
3229100902 128.641148 36.027921
3231526483 128.747102 35.924988
3232883861 128.809294 35.893172
3234170783 128.698325 36.009380
3234637225 128.756707 35.988054
3234989884 128.711069 36.030224
3240893742 128.633033 36.160493
3241072873 128.673669 36.167594
3241458914 128.600507 36.243279
3241954571 128.632625 36.249235
3242733330 128.534358 36.280849
3242795107 128.529815 36.298219
3244412589 128.595573 36.310809
3245873943 128.634111 36.367267
3246903232 128.727900 36.187141
3247137338 128.771028 36.141105
3247527210 128.682865 36.233475
3247844492 128.719797 36.237573
3248038069 128.743229 36.214447
3248339054 128.759351 36.261739
3248666078 128.836199 36.119672
3251559049 128.781266 36.334178
3252985128 128.805766 36.327523
3254630278 128.864204 36.432197
3254957583 128.943391 35.783164
3255236517 128.944305 35.836675
3255876035 128.918999 35.865884
3255954414 128.921371 35.892126
3256988242 129.022910 35.802164
3257879235 129.086913 35.848943
3260182508 128.934499 36.040997
3260328859 128.920934 36.069297
3260743482 129.000211 36.045730
3261420903 129.001730 36.025405
3264292088 129.115658 35.883098
3265474568 129.247317 35.801202
3268185987 129.179865 35.988051
3269710060 129.255217 35.979598
3271425970 129.293308 36.108423
3272274205 128.994742 36.126970
3272325050 128.997742 36.139753
3273486687 128.955024 36.273940
3273579233 128.994204 36.251200
3274982491 129.001509 36.248908
3275322869 129.062239 36.234702
